predicted tensor([[0.1850, 0.1257, 0.6893],
        [0.2817, 0.2362, 0.4821],
        [0.3923, 0.1095, 0.4981],
        [0.2508, 0.2456, 0.5036],
        [0.2109, 0.1784, 0.6107],
        [0.2517, 0.2361, 0.5122],
        [0.2976, 0.1692, 0.5333],
        [0.1865, 0.2311, 0.5824],
        [0.1837, 0.2388, 0.5776],
        [0.2263, 0.1291, 0.6446],
        [0.2577, 0.2197, 0.5225],
        [0.2664, 0.1320, 0.6016],
        [0.2763, 0.1288, 0.5948],
        [0.3626, 0.1585, 0.4789],
        [0.2373, 0.1497, 0.6130],
        [0.2680, 0.2633, 0.4687],
        [0.2656, 0.2290, 0.5054],
        [0.1535, 0.2087, 0.6378],
        [0.2801, 0.1733, 0.5466],
        [0.3124, 0.1337, 0.5539],
        [0.3582, 0.2880, 0.3538],
        [0.2444, 0.1493, 0.6063],
        [0.2446, 0.2309, 0.5246],
        [0.2743, 0.2303, 0.4954],
        [0.2100, 0.2213, 0.5688],
        [0.2910, 0.3070, 0.4020],
        [0.3733, 0.2241, 0.4026],
        [0.1829, 0.1637, 0.6535],
        [0.1944, 0.1065, 0.6992],
        [0.2643, 0.1905, 0.5452],
        [0.2663, 0.1343, 0.5995],
        [0.2771, 0.2380, 0.4849],
        [0.2081, 0.1191, 0.6728],
        [0.2198, 0.1237, 0.6565],
        [0.3276, 0.1773, 0.4952],
        [0.1632, 0.0999, 0.7370],
        [0.1763, 0.1323, 0.6914],
        [0.2956, 0.1379, 0.5665],
        [0.1906, 0.1684, 0.6410],
        [0.2466, 0.2377, 0.5157],
        [0.2581, 0.3883, 0.3536],
        [0.2470, 0.4075, 0.3455],
        [0.1881, 0.1962, 0.6157],
        [0.2397, 0.3105, 0.4498],
        [0.2403, 0.1256, 0.6341],
        [0.2249, 0.1718, 0.6033],
        [0.3192, 0.2126, 0.4682],
        [0.2919, 0.2558, 0.4524],
        [0.2348, 0.1964, 0.5688],
        [0.3395, 0.1951, 0.4654],
        [0.2397, 0.1450, 0.6154],
        [0.2695, 0.2050, 0.5255],
        [0.1631, 0.1178, 0.7192],
        [0.2410, 0.3679, 0.3912],
        [0.2419, 0.2040, 0.5540],
        [0.2569, 0.2196, 0.5235],
        [0.1591, 0.1225, 0.7184],
        [0.1757, 0.2169, 0.6074],
        [0.4458, 0.2469, 0.3073],
        [0.2455, 0.1423, 0.6122],
        [0.2171, 0.1979, 0.5850],
        [0.3212, 0.1149, 0.5639],
        [0.3751, 0.1075, 0.5173],
        [0.2206, 0.2116, 0.5679],
        [0.2308, 0.1817, 0.5874],
        [0.2198, 0.1110, 0.6692],
        [0.1180, 0.1721, 0.7098],
        [0.3498, 0.1015, 0.5487],
        [0.2726, 0.2174, 0.5101],
        [0.3567, 0.2865, 0.3568],
        [0.3382, 0.1576, 0.5043],
        [0.3608, 0.1611, 0.4781],
        [0.2343, 0.1740, 0.5917],
        [0.2860, 0.1323, 0.5817],
        [0.2316, 0.2240, 0.5444],
        [0.3830, 0.1004, 0.5166],
        [0.2784, 0.0975, 0.6241],
        [0.1753, 0.1696, 0.6551],
        [0.2310, 0.1182, 0.6508],
        [0.2204, 0.0912, 0.6884],
        [0.1907, 0.2003, 0.6090],
        [0.3663, 0.1544, 0.4793],
        [0.1796, 0.1882, 0.6322],
        [0.2857, 0.2433, 0.4711],
        [0.2690, 0.2641, 0.4669],
        [0.1371, 0.1829, 0.6800],
        [0.1554, 0.1284, 0.7163],
        [0.2196, 0.2724, 0.5080],
        [0.2568, 0.2935, 0.4496],
        [0.1976, 0.2090, 0.5934],
        [0.2790, 0.3011, 0.4199],
        [0.2320, 0.1414, 0.6266],
        [0.2696, 0.3042, 0.4262],
        [0.3815, 0.2314, 0.3871],
        [0.2427, 0.2928, 0.4645],
        [0.2110, 0.1187, 0.6703],
        [0.2775, 0.1467, 0.5758],
        [0.2496, 0.2602, 0.4903],
        [0.4884, 0.0888, 0.4228],
        [0.2925, 0.1703, 0.5372],
        [0.2772, 0.2206, 0.5021],
        [0.2720, 0.2170, 0.5110],
        [0.3133, 0.1865, 0.5002],
        [0.3038, 0.1901, 0.5061],
        [0.1236, 0.1416, 0.7347],
        [0.2478, 0.2640, 0.4882],
        [0.1647, 0.1664, 0.6689],
        [0.2463, 0.1435, 0.6102],
        [0.3254, 0.2433, 0.4313],
        [0.2853, 0.2173, 0.4974],
        [0.1853, 0.1633, 0.6514],
        [0.3442, 0.1976, 0.4582],
        [0.2288, 0.2398, 0.5313],
        [0.2715, 0.1921, 0.5364],
        [0.1844, 0.1677, 0.6479],
        [0.2744, 0.2527, 0.4729],
        [0.1821, 0.2756, 0.5423],
        [0.3309, 0.1206, 0.5485],
        [0.2312, 0.1652, 0.6036],
        [0.2156, 0.1411, 0.6433],
        [0.2282, 0.1313, 0.6405],
        [0.2161, 0.1637, 0.6201],
        [0.1972, 0.1600, 0.6427],
        [0.2893, 0.2390, 0.4716],
        [0.3143, 0.2432, 0.4425],
        [0.3111, 0.1664, 0.5226],
        [0.2655, 0.2776, 0.4569],
        [0.2423, 0.1526, 0.6052]], device='cuda:0', grad_fn=<SoftmaxBackward0>)
target tensor([[1., 0., 0.],
        [1., 0., 0.],
        [1., 0., 0.],
        [1., 0., 0.],
        [0., 0., 1.],
        [1., 0., 0.],
        [0., 0., 1.],
        [1., 0., 0.],
        [0., 0., 1.],
        [0., 1., 0.],
        [0., 0., 1.],
        [0., 0., 1.],
        [0., 0., 1.],
        [0., 1., 0.],
        [0., 1., 0.],
        [1., 0., 0.],
        [1., 0., 0.],
        [1., 0., 0.],
        [0., 0., 1.],
        [0., 1., 0.],
        [0., 0., 1.],
        [0., 0., 1.],
        [1., 0., 0.],
        [0., 0., 1.],
        [1., 0., 0.],
        [1., 0., 0.],
        [1., 0., 0.],
        [1., 0., 0.],
        [0., 0., 1.],
        [1., 0., 0.],
        [1., 0., 0.],
        [1., 0., 0.],
        [0., 1., 0.],
        [1., 0., 0.],
        [0., 1., 0.],
        [0., 1., 0.],
        [0., 0., 1.],
        [0., 0., 1.],
        [0., 1., 0.],
        [1., 0., 0.],
        [1., 0., 0.],
        [1., 0., 0.],
        [0., 0., 1.],
        [0., 0., 1.],
        [1., 0., 0.],
        [1., 0., 0.],
        [1., 0., 0.],
        [1., 0., 0.],
        [1., 0., 0.],
        [1., 0., 0.],
        [0., 0., 1.],
        [1., 0., 0.],
        [1., 0., 0.],
        [1., 0., 0.],
        [1., 0., 0.],
        [1., 0., 0.],
        [0., 1., 0.],
        [1., 0., 0.],
        [1., 0., 0.],
        [0., 1., 0.],
        [0., 0., 1.],
        [1., 0., 0.],
        [0., 1., 0.],
        [1., 0., 0.],
        [0., 0., 1.],
        [0., 0., 1.],
        [1., 0., 0.],
        [0., 1., 0.],
        [1., 0., 0.],
        [0., 0., 1.],
        [1., 0., 0.],
        [1., 0., 0.],
        [1., 0., 0.],
        [0., 1., 0.],
        [1., 0., 0.],
        [0., 0., 1.],
        [0., 0., 1.],
        [1., 0., 0.],
        [0., 0., 1.],
        [1., 0., 0.],
        [1., 0., 0.],
        [1., 0., 0.],
        [1., 0., 0.],
        [0., 0., 1.],
        [1., 0., 0.],
        [1., 0., 0.],
        [1., 0., 0.],
        [1., 0., 0.],
        [1., 0., 0.],
        [0., 0., 1.],
        [1., 0., 0.],
        [0., 1., 0.],
        [1., 0., 0.],
        [1., 0., 0.],
        [1., 0., 0.],
        [0., 1., 0.],
        [1., 0., 0.],
        [1., 0., 0.],
        [0., 1., 0.],
        [0., 1., 0.],
        [1., 0., 0.],
        [1., 0., 0.],
        [0., 1., 0.],
        [1., 0., 0.],
        [1., 0., 0.],
        [1., 0., 0.],
        [1., 0., 0.],
        [0., 0., 1.],
        [1., 0., 0.],
        [1., 0., 0.],
        [1., 0., 0.],
        [1., 0., 0.],
        [1., 0., 0.],
        [1., 0., 0.],
        [1., 0., 0.],
        [0., 1., 0.],
        [0., 0., 1.],
        [0., 0., 1.],
        [0., 1., 0.],
        [0., 0., 1.],
        [1., 0., 0.],
        [1., 0., 0.],
        [1., 0., 0.],
        [1., 0., 0.],
        [1., 0., 0.],
        [0., 0., 1.],
        [1., 0., 0.],
        [1., 0., 0.]], device='cuda:0')
Train Epoch: 0 [0 (0%)]	Loss: 1.138344	Accuracy: 0.234375
predicted tensor([[0.9534, 0.0139, 0.0327],
        [0.9473, 0.0088, 0.0440],
        [0.9328, 0.0149, 0.0523],
        [0.9573, 0.0111, 0.0316],
        [0.9870, 0.0044, 0.0086],
        [0.9440, 0.0128, 0.0432],
        [0.9636, 0.0100, 0.0264],
        [0.9515, 0.0094, 0.0392],
        [0.9625, 0.0134, 0.0241],
        [0.9528, 0.0114, 0.0358],
        [0.9650, 0.0073, 0.0277],
        [0.9678, 0.0084, 0.0238],
        [0.9536, 0.0099, 0.0366],
        [0.9775, 0.0081, 0.0144],
        [0.9517, 0.0120, 0.0363],
        [0.9602, 0.0109, 0.0289],
        [0.8987, 0.0190, 0.0824],
        [0.9878, 0.0035, 0.0087],
        [0.9682, 0.0083, 0.0235],
        [0.9877, 0.0033, 0.0090],
        [0.9723, 0.0115, 0.0163],
        [0.9491, 0.0110, 0.0399],
        [0.9686, 0.0060, 0.0255],
        [0.9538, 0.0105, 0.0357],
        [0.9701, 0.0064, 0.0235],
        [0.9368, 0.0200, 0.0431],
        [0.9451, 0.0189, 0.0359],
        [0.9734, 0.0082, 0.0184],
        [0.9850, 0.0048, 0.0102],
        [0.9523, 0.0121, 0.0357],
        [0.9676, 0.0117, 0.0208],
        [0.9741, 0.0102, 0.0157],
        [0.9699, 0.0146, 0.0156],
        [0.9124, 0.0253, 0.0623],
        [0.9680, 0.0068, 0.0252],
        [0.9529, 0.0149, 0.0322],
        [0.9598, 0.0084, 0.0318],
        [0.9701, 0.0069, 0.0230],
        [0.9913, 0.0041, 0.0047],
        [0.9839, 0.0051, 0.0110],
        [0.9689, 0.0119, 0.0192],
        [0.9584, 0.0061, 0.0355],
        [0.9892, 0.0031, 0.0077],
        [0.9444, 0.0171, 0.0385],
        [0.9488, 0.0171, 0.0341],
        [0.9559, 0.0076, 0.0365],
        [0.9625, 0.0095, 0.0280],
        [0.9608, 0.0060, 0.0332],
        [0.9645, 0.0057, 0.0299],
        [0.9368, 0.0132, 0.0499],
        [0.9729, 0.0087, 0.0184],
        [0.9827, 0.0051, 0.0122],
        [0.9690, 0.0058, 0.0253],
        [0.9791, 0.0060, 0.0149],
        [0.9455, 0.0119, 0.0427],
        [0.9760, 0.0059, 0.0182],
        [0.8971, 0.0294, 0.0735],
        [0.9377, 0.0167, 0.0456],
        [0.9409, 0.0073, 0.0518],
        [0.9358, 0.0236, 0.0405],
        [0.9564, 0.0140, 0.0296],
        [0.9726, 0.0065, 0.0209],
        [0.9644, 0.0116, 0.0240],
        [0.9595, 0.0064, 0.0342],
        [0.9868, 0.0047, 0.0086],
        [0.9704, 0.0082, 0.0213],
        [0.9630, 0.0045, 0.0325],
        [0.9761, 0.0032, 0.0207],
        [0.9543, 0.0169, 0.0287],
        [0.9796, 0.0098, 0.0105],
        [0.9785, 0.0087, 0.0128],
        [0.9649, 0.0109, 0.0242],
        [0.9511, 0.0114, 0.0376],
        [0.9816, 0.0033, 0.0152],
        [0.9704, 0.0059, 0.0237],
        [0.9713, 0.0071, 0.0216],
        [0.9447, 0.0187, 0.0366],
        [0.9570, 0.0033, 0.0397],
        [0.9408, 0.0329, 0.0263],
        [0.9441, 0.0166, 0.0394],
        [0.9750, 0.0072, 0.0178],
        [0.9655, 0.0101, 0.0245],
        [0.9608, 0.0113, 0.0278],
        [0.9415, 0.0163, 0.0422],
        [0.9212, 0.0260, 0.0528],
        [0.9394, 0.0068, 0.0538],
        [0.9663, 0.0072, 0.0265],
        [0.9742, 0.0069, 0.0189],
        [0.9541, 0.0082, 0.0377],
        [0.9843, 0.0076, 0.0081],
        [0.9653, 0.0044, 0.0303],
        [0.9673, 0.0082, 0.0245],
        [0.9557, 0.0130, 0.0313],
        [0.9789, 0.0078, 0.0133],
        [0.9472, 0.0121, 0.0407],
        [0.9295, 0.0079, 0.0626],
        [0.9494, 0.0145, 0.0361],
        [0.9279, 0.0246, 0.0475],
        [0.9254, 0.0200, 0.0546],
        [0.9454, 0.0101, 0.0445],
        [0.9174, 0.0177, 0.0649],
        [0.9071, 0.0329, 0.0599],
        [0.9812, 0.0061, 0.0127],
        [0.9562, 0.0146, 0.0292],
        [0.9506, 0.0294, 0.0199],
        [0.9583, 0.0101, 0.0316],
        [0.9692, 0.0065, 0.0243],
        [0.9471, 0.0299, 0.0230],
        [0.9649, 0.0110, 0.0241],
        [0.9785, 0.0063, 0.0151],
        [0.9746, 0.0027, 0.0227],
        [0.9728, 0.0130, 0.0143],
        [0.9636, 0.0079, 0.0286],
        [0.9539, 0.0112, 0.0349],
        [0.9798, 0.0033, 0.0169]], device='cuda:0', grad_fn=<SoftmaxBackward0>)
target tensor([[1., 0., 0.],
        [0., 1., 0.],
        [1., 0., 0.],
        [1., 0., 0.],
        [0., 1., 0.],
        [1., 0., 0.],
        [1., 0., 0.],
        [0., 0., 1.],
        [1., 0., 0.],
        [1., 0., 0.],
        [1., 0., 0.],
        [1., 0., 0.],
        [0., 0., 1.],
        [1., 0., 0.],
        [1., 0., 0.],
        [1., 0., 0.],
        [0., 0., 1.],
        [0., 1., 0.],
        [0., 0., 1.],
        [0., 1., 0.],
        [1., 0., 0.],
        [0., 0., 1.],
        [0., 0., 1.],
        [1., 0., 0.],
        [0., 0., 1.],
        [0., 1., 0.],
        [0., 1., 0.],
        [1., 0., 0.],
        [0., 1., 0.],
        [1., 0., 0.],
        [1., 0., 0.],
        [0., 1., 0.],
        [1., 0., 0.],
        [1., 0., 0.],
        [1., 0., 0.],
        [1., 0., 0.],
        [1., 0., 0.],
        [0., 0., 1.],
        [0., 1., 0.],
        [0., 1., 0.],
        [1., 0., 0.],
        [0., 0., 1.],
        [0., 0., 1.],
        [1., 0., 0.],
        [1., 0., 0.],
        [1., 0., 0.],
        [1., 0., 0.],
        [0., 1., 0.],
        [0., 0., 1.],
        [0., 0., 1.],
        [1., 0., 0.],
        [1., 0., 0.],
        [0., 0., 1.],
        [1., 0., 0.],
        [0., 0., 1.],
        [1., 0., 0.],
        [1., 0., 0.],
        [0., 1., 0.],
        [0., 1., 0.],
        [1., 0., 0.],
        [1., 0., 0.],
        [0., 1., 0.],
        [1., 0., 0.],
        [1., 0., 0.],
        [0., 1., 0.],
        [0., 1., 0.],
        [0., 1., 0.],
        [0., 0., 1.],
        [1., 0., 0.],
        [0., 1., 0.],
        [1., 0., 0.],
        [1., 0., 0.],
        [1., 0., 0.],
        [1., 0., 0.],
        [0., 1., 0.],
        [1., 0., 0.],
        [1., 0., 0.],
        [0., 1., 0.],
        [1., 0., 0.],
        [1., 0., 0.],
        [1., 0., 0.],
        [1., 0., 0.],
        [1., 0., 0.],
        [1., 0., 0.],
        [1., 0., 0.],
        [0., 0., 1.],
        [1., 0., 0.],
        [1., 0., 0.],
        [0., 1., 0.],
        [1., 0., 0.],
        [0., 0., 1.],
        [1., 0., 0.],
        [1., 0., 0.],
        [0., 1., 0.],
        [1., 0., 0.],
        [0., 0., 1.],
        [1., 0., 0.],
        [0., 0., 1.],
        [1., 0., 0.],
        [1., 0., 0.],
        [1., 0., 0.],
        [1., 0., 0.],
        [1., 0., 0.],
        [1., 0., 0.],
        [1., 0., 0.],
        [1., 0., 0.],
        [0., 0., 1.],
        [1., 0., 0.],
        [1., 0., 0.],
        [0., 1., 0.],
        [0., 1., 0.],
        [1., 0., 0.],
        [0., 0., 1.],
        [1., 0., 0.],
        [0., 1., 0.]], device='cuda:0')
iter
(243,) (243,)
gt_label [0 0 0 0 0 0 0 0 0 0 0 0 0 0 0 0 0 0 0 0 0 0 0 0 0 0 0 0 0 0 0 0 0 0 0 0 0
 0 0 0 0 0 0 0 0 0 0 0 0 0 0 0 0 0 0 0 0 0 0 0 0 0 0 0 0 0 0 0 0 0 0 0 0 0
 0 0 0 0 0 0 0 0 0 0 0 0 0 0 0 0 0 0 0 0 0 0 0 0 0 0 0 0 0 0 0 0 0 0 0 0 0
 0 0 0 0 0 0 0 0 0 0 0 0 0 0 0 0 0 0 0 0 0 0 0 0 0 0 0 0 0 0 0 0 0 0 0 0 1
 1 1 1 1 1 1 1 1 1 1 1 1 1 1 1 1 1 1 1 1 1 1 1 1 1 1 1 1 1 1 1 1 1 1 1 1 1
 1 1 1 1 1 1 1 2 2 2 2 2 2 2 2 2 2 2 2 2 2 2 2 2 2 2 2 2 2 2 2 2 2 2 2 2 2
 2 2 2 2 2 2 2 2 2 2 2 2 2 2 2 2 2 2 2 2 2]
pred_label [0 0 0 0 0 0 0 0 0 0 0 0 0 0 0 0 0 0 0 0 0 0 0 0 0 0 0 0 0 0 0 0 0 0 0 0 0
 0 0 0 0 0 0 0 0 0 0 0 0 0 0 0 0 0 0 0 0 0 0 0 0 0 0 0 0 0 0 0 0 0 0 0 0 0
 0 0 0 0 0 0 0 0 0 0 0 0 0 0 0 0 0 0 0 0 0 0 0 0 0 0 0 0 0 0 0 0 0 0 0 0 0
 0 0 0 0 0 0 0 0 0 0 0 0 0 0 0 0 0 0 0 0 0 0 0 0 0 0 0 0 0 0 0 0 0 0 0 0 0
 0 0 0 0 0 0 0 0 0 0 0 0 0 0 0 0 0 0 0 0 0 0 0 0 0 0 0 0 0 0 0 0 0 0 0 0 0
 0 0 0 0 0 0 0 0 0 0 0 0 0 0 0 0 0 0 0 0 0 0 0 0 0 0 0 0 0 0 0 0 0 0 0 0 0
 0 0 0 0 0 0 0 0 0 0 0 0 0 0 0 0 0 0 0 0 0]
confusion_matrix_result [[147   0   0]
 [ 45   0   0]
 [ 51   0   0]]
AP [0.65 0.12 0.81]
map:  0.5265458139538325
predicted tensor([[9.9622e-01, 1.1545e-03, 2.6275e-03],
        [9.9654e-01, 1.8627e-03, 1.6014e-03],
        [9.9624e-01, 1.9793e-03, 1.7801e-03],
        [9.9906e-01, 2.4814e-04, 6.9279e-04],
        [9.9608e-01, 1.2207e-03, 2.6997e-03],
        [9.9445e-01, 1.0761e-03, 4.4714e-03],
        [9.9825e-01, 6.4903e-04, 1.0989e-03],
        [9.9975e-01, 1.1257e-04, 1.3578e-04],
        [9.9792e-01, 1.3475e-04, 1.9408e-03],
        [9.9488e-01, 1.6249e-03, 3.4966e-03],
        [9.9812e-01, 4.3462e-04, 1.4465e-03],
        [9.9737e-01, 3.9992e-04, 2.2279e-03],
        [9.9881e-01, 3.2424e-04, 8.6832e-04],
        [9.9852e-01, 6.7259e-04, 8.0547e-04],
        [9.9942e-01, 1.4514e-04, 4.3862e-04],
        [9.9831e-01, 2.6625e-04, 1.4224e-03],
        [9.9732e-01, 5.2386e-04, 2.1520e-03],
        [9.9929e-01, 1.8617e-04, 5.2877e-04],
        [9.9589e-01, 7.1601e-04, 3.3906e-03],
        [9.9827e-01, 6.8733e-04, 1.0443e-03],
        [9.9553e-01, 4.1031e-04, 4.0550e-03],
        [9.9592e-01, 9.8317e-04, 3.0947e-03],
        [9.9817e-01, 4.7815e-04, 1.3516e-03],
        [9.9930e-01, 2.1077e-04, 4.8951e-04],
        [9.9822e-01, 4.2860e-04, 1.3490e-03],
        [9.9632e-01, 1.0276e-03, 2.6562e-03],
        [9.9844e-01, 1.7156e-04, 1.3849e-03],
        [9.9752e-01, 4.4277e-04, 2.0417e-03],
        [9.9746e-01, 2.9525e-04, 2.2453e-03],
        [9.9684e-01, 4.7273e-04, 2.6860e-03],
        [9.9572e-01, 4.5844e-04, 3.8196e-03],
        [9.9712e-01, 4.3326e-04, 2.4501e-03],
        [9.9355e-01, 1.7863e-03, 4.6679e-03],
        [9.9934e-01, 1.7907e-04, 4.8006e-04],
        [9.9569e-01, 2.2292e-03, 2.0804e-03],
        [9.9445e-01, 1.2402e-03, 4.3083e-03],
        [9.9830e-01, 4.0839e-04, 1.2887e-03],
        [9.9673e-01, 1.8317e-03, 1.4341e-03],
        [9.9754e-01, 2.7990e-04, 2.1786e-03],
        [9.9892e-01, 4.0773e-04, 6.7555e-04],
        [9.9751e-01, 4.0530e-04, 2.0818e-03],
        [9.9797e-01, 4.6905e-04, 1.5623e-03],
        [9.9489e-01, 1.7550e-03, 3.3572e-03],
        [9.9796e-01, 5.2001e-04, 1.5231e-03],
        [9.9788e-01, 7.6183e-04, 1.3552e-03],
        [9.9893e-01, 3.8143e-04, 6.9347e-04],
        [9.9835e-01, 3.8096e-04, 1.2734e-03],
        [9.9753e-01, 7.3820e-04, 1.7316e-03],
        [9.9941e-01, 1.2093e-04, 4.6625e-04],
        [9.9854e-01, 5.0686e-04, 9.5532e-04],
        [9.9792e-01, 4.6388e-04, 1.6131e-03],
        [9.9848e-01, 2.5190e-04, 1.2673e-03],
        [9.9735e-01, 6.3260e-04, 2.0153e-03],
        [9.9746e-01, 7.0698e-04, 1.8378e-03],
        [9.9645e-01, 7.5341e-04, 2.7963e-03],
        [9.9821e-01, 5.2953e-04, 1.2648e-03],
        [9.9028e-01, 2.5049e-03, 7.2149e-03],
        [9.9111e-01, 1.4381e-03, 7.4491e-03],
        [9.9914e-01, 2.3998e-04, 6.1678e-04],
        [9.9488e-01, 9.3841e-04, 4.1847e-03],
        [9.9446e-01, 1.0242e-03, 4.5203e-03],
        [9.9927e-01, 2.7206e-04, 4.6003e-04],
        [9.9641e-01, 6.1066e-04, 2.9795e-03],
        [9.9683e-01, 9.1256e-04, 2.2534e-03],
        [9.9882e-01, 1.1105e-04, 1.0647e-03],
        [9.9639e-01, 1.9370e-03, 1.6694e-03],
        [9.9783e-01, 6.1025e-04, 1.5614e-03],
        [9.9931e-01, 1.8455e-04, 5.0684e-04],
        [9.9796e-01, 2.8634e-04, 1.7570e-03],
        [9.9726e-01, 6.4617e-04, 2.0897e-03],
        [9.9887e-01, 1.6310e-04, 9.6993e-04],
        [9.9361e-01, 1.2570e-03, 5.1299e-03],
        [9.9806e-01, 4.1441e-04, 1.5296e-03],
        [9.9828e-01, 2.3438e-04, 1.4858e-03],
        [9.9307e-01, 1.7960e-03, 5.1341e-03],
        [9.9753e-01, 3.5528e-04, 2.1160e-03],
        [9.9757e-01, 2.6495e-04, 2.1620e-03],
        [9.9380e-01, 1.7315e-03, 4.4685e-03],
        [9.9795e-01, 7.4168e-04, 1.3126e-03],
        [9.9923e-01, 2.2115e-04, 5.4854e-04],
        [9.9705e-01, 5.2199e-04, 2.4303e-03],
        [9.9905e-01, 2.3565e-04, 7.1626e-04],
        [9.9874e-01, 3.3642e-04, 9.1874e-04],
        [9.9937e-01, 1.5977e-04, 4.7114e-04],
        [9.9936e-01, 1.0201e-04, 5.3670e-04],
        [9.9675e-01, 6.7850e-04, 2.5686e-03],
        [9.9681e-01, 5.8311e-04, 2.6066e-03],
        [9.9658e-01, 4.4504e-04, 2.9723e-03],
        [9.9512e-01, 1.2927e-03, 3.5880e-03],
        [9.9787e-01, 3.8574e-04, 1.7463e-03],
        [9.9868e-01, 1.7309e-04, 1.1427e-03],
        [9.9918e-01, 2.1185e-04, 6.0652e-04],
        [9.9730e-01, 5.0945e-04, 2.1873e-03],
        [9.9787e-01, 3.9391e-04, 1.7381e-03],
        [9.9947e-01, 1.4371e-04, 3.8725e-04],
        [9.9895e-01, 2.1762e-04, 8.2819e-04],
        [9.9773e-01, 3.3356e-04, 1.9411e-03],
        [9.9796e-01, 3.9290e-04, 1.6475e-03],
        [9.9821e-01, 5.7668e-04, 1.2121e-03],
        [9.9938e-01, 1.3756e-04, 4.8369e-04],
        [9.9818e-01, 4.7489e-04, 1.3420e-03],
        [9.9872e-01, 2.8410e-04, 9.9836e-04],
        [9.9761e-01, 8.7180e-04, 1.5188e-03],
        [9.9891e-01, 1.8000e-04, 9.0604e-04],
        [9.9766e-01, 7.1771e-04, 1.6270e-03],
        [9.9887e-01, 3.9827e-04, 7.3065e-04],
        [9.9120e-01, 2.8984e-03, 5.8975e-03],
        [9.9835e-01, 2.4973e-04, 1.4047e-03],
        [9.9829e-01, 3.1165e-04, 1.4028e-03],
        [9.9932e-01, 1.1737e-04, 5.5774e-04],
        [9.9945e-01, 1.8825e-04, 3.6395e-04],
        [9.9766e-01, 4.1550e-04, 1.9258e-03],
        [9.9836e-01, 4.0389e-04, 1.2380e-03],
        [9.9822e-01, 5.2455e-04, 1.2557e-03],
        [9.9941e-01, 1.8072e-04, 4.1292e-04],
        [9.9372e-01, 1.5351e-03, 4.7429e-03],
        [9.9950e-01, 1.7324e-04, 3.3025e-04],
        [9.9940e-01, 1.7851e-04, 4.1701e-04],
        [9.9849e-01, 1.6054e-04, 1.3540e-03],
        [9.9883e-01, 3.2845e-04, 8.4040e-04],
        [9.9801e-01, 4.4776e-04, 1.5378e-03],
        [9.9977e-01, 7.6800e-05, 1.5557e-04],
        [9.9834e-01, 3.0227e-04, 1.3616e-03],
        [9.9802e-01, 7.6489e-04, 1.2180e-03],
        [9.9912e-01, 1.3687e-04, 7.4725e-04],
        [9.9816e-01, 5.0532e-04, 1.3350e-03],
        [9.9530e-01, 1.1354e-03, 3.5608e-03],
        [9.9850e-01, 2.7717e-04, 1.2265e-03]], device='cuda:0',
       grad_fn=<SoftmaxBackward0>)
target tensor([[1., 0., 0.],
        [1., 0., 0.],
        [1., 0., 0.],
        [1., 0., 0.],
        [1., 0., 0.],
        [1., 0., 0.],
        [1., 0., 0.],
        [0., 1., 0.],
        [0., 1., 0.],
        [1., 0., 0.],
        [1., 0., 0.],
        [0., 0., 1.],
        [0., 1., 0.],
        [1., 0., 0.],
        [0., 1., 0.],
        [0., 1., 0.],
        [1., 0., 0.],
        [1., 0., 0.],
        [0., 0., 1.],
        [1., 0., 0.],
        [0., 0., 1.],
        [1., 0., 0.],
        [1., 0., 0.],
        [0., 1., 0.],
        [1., 0., 0.],
        [1., 0., 0.],
        [0., 0., 1.],
        [0., 1., 0.],
        [0., 0., 1.],
        [0., 0., 1.],
        [0., 0., 1.],
        [1., 0., 0.],
        [0., 0., 1.],
        [1., 0., 0.],
        [1., 0., 0.],
        [0., 0., 1.],
        [1., 0., 0.],
        [1., 0., 0.],
        [0., 0., 1.],
        [0., 0., 1.],
        [0., 1., 0.],
        [0., 0., 1.],
        [0., 0., 1.],
        [1., 0., 0.],
        [1., 0., 0.],
        [0., 1., 0.],
        [1., 0., 0.],
        [1., 0., 0.],
        [0., 1., 0.],
        [1., 0., 0.],
        [1., 0., 0.],
        [0., 1., 0.],
        [1., 0., 0.],
        [1., 0., 0.],
        [0., 1., 0.],
        [1., 0., 0.],
        [1., 0., 0.],
        [0., 0., 1.],
        [1., 0., 0.],
        [1., 0., 0.],
        [0., 0., 1.],
        [0., 1., 0.],
        [0., 0., 1.],
        [0., 0., 1.],
        [1., 0., 0.],
        [1., 0., 0.],
        [1., 0., 0.],
        [1., 0., 0.],
        [0., 1., 0.],
        [1., 0., 0.],
        [0., 0., 1.],
        [0., 0., 1.],
        [1., 0., 0.],
        [0., 0., 1.],
        [0., 0., 1.],
        [0., 0., 1.],
        [0., 0., 1.],
        [1., 0., 0.],
        [1., 0., 0.],
        [1., 0., 0.],
        [0., 1., 0.],
        [1., 0., 0.],
        [1., 0., 0.],
        [0., 0., 1.],
        [1., 0., 0.],
        [1., 0., 0.],
        [1., 0., 0.],
        [1., 0., 0.],
        [0., 0., 1.],
        [1., 0., 0.],
        [0., 1., 0.],
        [1., 0., 0.],
        [0., 0., 1.],
        [1., 0., 0.],
        [0., 1., 0.],
        [1., 0., 0.],
        [1., 0., 0.],
        [0., 0., 1.],
        [1., 0., 0.],
        [1., 0., 0.],
        [1., 0., 0.],
        [0., 1., 0.],
        [1., 0., 0.],
        [1., 0., 0.],
        [1., 0., 0.],
        [1., 0., 0.],
        [1., 0., 0.],
        [0., 0., 1.],
        [1., 0., 0.],
        [0., 1., 0.],
        [0., 1., 0.],
        [0., 0., 1.],
        [1., 0., 0.],
        [1., 0., 0.],
        [0., 1., 0.],
        [1., 0., 0.],
        [1., 0., 0.],
        [1., 0., 0.],
        [0., 1., 0.],
        [0., 1., 0.],
        [1., 0., 0.],
        [1., 0., 0.],
        [0., 0., 1.],
        [1., 0., 0.],
        [1., 0., 0.],
        [1., 0., 0.],
        [1., 0., 0.],
        [0., 1., 0.]], device='cuda:0')
predicted tensor([[9.9987e-01, 2.6352e-05, 9.8712e-05],
        [9.9969e-01, 3.3744e-05, 2.7793e-04],
        [9.9591e-01, 1.0605e-03, 3.0301e-03],
        [9.9994e-01, 2.4066e-05, 3.3715e-05],
        [9.9955e-01, 3.7775e-05, 4.1516e-04],
        [9.9969e-01, 8.1930e-05, 2.3090e-04],
        [9.9971e-01, 5.6022e-05, 2.3055e-04],
        [9.9983e-01, 4.2599e-05, 1.2568e-04],
        [9.9988e-01, 2.2542e-05, 9.3496e-05],
        [9.9981e-01, 3.3143e-05, 1.5269e-04],
        [9.9926e-01, 1.3319e-04, 6.0940e-04],
        [9.9985e-01, 2.0922e-05, 1.2804e-04],
        [9.9969e-01, 6.8482e-05, 2.4494e-04],
        [9.9972e-01, 2.4789e-05, 2.5681e-04],
        [9.9996e-01, 1.4831e-05, 2.1361e-05],
        [9.9990e-01, 3.2416e-05, 6.8445e-05],
        [9.9984e-01, 4.6698e-05, 1.1585e-04],
        [9.9969e-01, 1.3832e-04, 1.7333e-04],
        [9.9954e-01, 1.1804e-04, 3.4067e-04],
        [9.9978e-01, 5.1009e-05, 1.7021e-04],
        [9.9977e-01, 6.9849e-05, 1.5702e-04],
        [9.9926e-01, 2.4416e-04, 4.9579e-04],
        [9.9983e-01, 4.8232e-05, 1.2237e-04],
        [9.9969e-01, 5.9823e-05, 2.4729e-04],
        [9.9995e-01, 1.9334e-05, 3.4016e-05],
        [9.9959e-01, 1.0135e-04, 3.0947e-04],
        [9.9996e-01, 9.6366e-06, 3.4005e-05],
        [9.9961e-01, 4.6646e-05, 3.3925e-04],
        [9.9967e-01, 6.1042e-05, 2.6667e-04],
        [9.9865e-01, 2.6299e-04, 1.0846e-03],
        [9.9978e-01, 6.9449e-05, 1.4801e-04],
        [9.9992e-01, 1.4861e-05, 6.1502e-05],
        [9.9985e-01, 4.1611e-05, 1.1026e-04],
        [9.9983e-01, 1.7455e-05, 1.5656e-04],
        [9.9983e-01, 4.5414e-05, 1.2143e-04],
        [9.9991e-01, 1.3170e-05, 7.8213e-05],
        [9.9955e-01, 8.7534e-05, 3.5966e-04],
        [9.9983e-01, 1.8329e-05, 1.5523e-04],
        [9.9972e-01, 4.9681e-05, 2.3323e-04],
        [9.9997e-01, 9.0210e-06, 2.5848e-05],
        [9.9988e-01, 1.7551e-05, 1.0726e-04],
        [9.9987e-01, 2.4820e-05, 1.0052e-04],
        [9.9968e-01, 8.8604e-05, 2.2831e-04],
        [9.9931e-01, 8.7260e-05, 6.0048e-04],
        [9.9980e-01, 7.5028e-05, 1.2326e-04],
        [9.9952e-01, 1.1848e-04, 3.5784e-04],
        [9.9967e-01, 7.8702e-05, 2.5216e-04],
        [9.9955e-01, 1.0803e-04, 3.4131e-04],
        [9.9957e-01, 1.3679e-04, 2.9063e-04],
        [9.9990e-01, 1.6082e-05, 8.4975e-05],
        [9.9904e-01, 3.0221e-04, 6.5317e-04],
        [9.9946e-01, 8.1717e-05, 4.5411e-04],
        [9.9996e-01, 1.0376e-05, 3.0478e-05],
        [9.9975e-01, 2.0116e-05, 2.2521e-04],
        [9.9992e-01, 1.4378e-05, 6.9512e-05],
        [9.9993e-01, 1.2807e-05, 5.2546e-05],
        [9.9997e-01, 9.8189e-06, 2.0778e-05],
        [9.9983e-01, 2.6822e-05, 1.4742e-04],
        [9.9972e-01, 5.5383e-05, 2.1964e-04],
        [9.9943e-01, 1.3732e-04, 4.2840e-04],
        [9.9977e-01, 2.6877e-05, 2.0345e-04],
        [9.9991e-01, 1.8866e-05, 7.1838e-05],
        [9.9987e-01, 4.1938e-05, 9.1457e-05],
        [9.9958e-01, 8.6722e-05, 3.3617e-04],
        [9.9994e-01, 1.6320e-05, 4.1895e-05],
        [9.9987e-01, 2.9012e-05, 1.0320e-04],
        [9.9992e-01, 2.3899e-05, 5.4603e-05],
        [9.9969e-01, 5.3759e-05, 2.5802e-04],
        [9.9986e-01, 4.3119e-05, 9.4438e-05],
        [9.9997e-01, 9.1034e-06, 1.5989e-05],
        [9.9994e-01, 1.0709e-05, 4.6873e-05],
        [9.9992e-01, 1.3027e-05, 6.4895e-05],
        [9.9995e-01, 5.7031e-06, 4.7958e-05],
        [9.9989e-01, 1.5195e-05, 9.2544e-05],
        [9.9939e-01, 1.4324e-04, 4.6721e-04],
        [9.9953e-01, 7.9961e-05, 3.8817e-04],
        [9.9984e-01, 4.4379e-05, 1.1090e-04],
        [9.9981e-01, 4.2896e-05, 1.4549e-04],
        [9.9996e-01, 7.1729e-06, 3.6803e-05],
        [9.9991e-01, 3.6295e-05, 5.6482e-05],
        [9.9958e-01, 1.2147e-04, 2.9873e-04],
        [9.9982e-01, 2.3787e-05, 1.5622e-04],
        [9.9977e-01, 6.4935e-05, 1.6406e-04],
        [9.9982e-01, 4.1773e-05, 1.3618e-04],
        [9.9954e-01, 1.0177e-04, 3.5594e-04],
        [9.9930e-01, 1.9447e-04, 5.0820e-04],
        [9.9974e-01, 3.0347e-05, 2.2761e-04],
        [9.9945e-01, 1.5121e-04, 4.0244e-04],
        [9.9987e-01, 4.3605e-05, 8.9265e-05],
        [9.9972e-01, 6.0327e-05, 2.2306e-04],
        [9.9990e-01, 3.0958e-05, 7.1690e-05],
        [9.9985e-01, 1.9608e-05, 1.2738e-04],
        [9.9986e-01, 2.6764e-05, 1.1623e-04],
        [9.9980e-01, 3.3720e-05, 1.6762e-04],
        [9.9995e-01, 9.0568e-06, 4.2301e-05],
        [9.9983e-01, 2.2469e-05, 1.5174e-04],
        [9.9988e-01, 4.3043e-05, 7.5015e-05],
        [9.9987e-01, 1.8212e-05, 1.1634e-04],
        [9.9969e-01, 3.4316e-05, 2.7351e-04],
        [9.9978e-01, 4.3514e-05, 1.7480e-04],
        [9.9991e-01, 2.8444e-05, 5.9023e-05],
        [9.9996e-01, 5.3504e-06, 3.7179e-05],
        [9.9894e-01, 2.7812e-04, 7.8608e-04],
        [9.9975e-01, 4.5809e-05, 2.0510e-04],
        [9.9954e-01, 7.6890e-05, 3.8499e-04],
        [9.9992e-01, 2.2110e-05, 6.1604e-05],
        [9.9995e-01, 1.4574e-05, 3.8418e-05],
        [9.9990e-01, 9.3709e-06, 8.7270e-05],
        [9.9980e-01, 6.1433e-05, 1.3849e-04],
        [9.9974e-01, 8.6023e-05, 1.7496e-04],
        [9.9957e-01, 1.1495e-04, 3.1521e-04],
        [9.9979e-01, 2.8406e-05, 1.7709e-04],
        [9.9959e-01, 1.0417e-04, 3.1015e-04],
        [9.9949e-01, 3.8068e-05, 4.7019e-04],
        [9.9966e-01, 5.0007e-05, 2.8995e-04]], device='cuda:0',
       grad_fn=<SoftmaxBackward0>)
target tensor([[0., 1., 0.],
        [0., 0., 1.],
        [0., 0., 1.],
        [1., 0., 0.],
        [0., 0., 1.],
        [1., 0., 0.],
        [1., 0., 0.],
        [1., 0., 0.],
        [1., 0., 0.],
        [1., 0., 0.],
        [0., 0., 1.],
        [1., 0., 0.],
        [1., 0., 0.],
        [0., 1., 0.],
        [0., 1., 0.],
        [1., 0., 0.],
        [1., 0., 0.],
        [1., 0., 0.],
        [1., 0., 0.],
        [0., 1., 0.],
        [1., 0., 0.],
        [1., 0., 0.],
        [1., 0., 0.],
        [1., 0., 0.],
        [1., 0., 0.],
        [1., 0., 0.],
        [1., 0., 0.],
        [0., 0., 1.],
        [1., 0., 0.],
        [0., 0., 1.],
        [1., 0., 0.],
        [1., 0., 0.],
        [1., 0., 0.],
        [0., 0., 1.],
        [1., 0., 0.],
        [1., 0., 0.],
        [1., 0., 0.],
        [0., 0., 1.],
        [1., 0., 0.],
        [1., 0., 0.],
        [1., 0., 0.],
        [1., 0., 0.],
        [1., 0., 0.],
        [0., 0., 1.],
        [1., 0., 0.],
        [1., 0., 0.],
        [1., 0., 0.],
        [1., 0., 0.],
        [1., 0., 0.],
        [0., 0., 1.],
        [1., 0., 0.],
        [1., 0., 0.],
        [1., 0., 0.],
        [0., 0., 1.],
        [1., 0., 0.],
        [0., 1., 0.],
        [0., 1., 0.],
        [1., 0., 0.],
        [1., 0., 0.],
        [1., 0., 0.],
        [0., 1., 0.],
        [1., 0., 0.],
        [1., 0., 0.],
        [1., 0., 0.],
        [0., 1., 0.],
        [0., 1., 0.],
        [0., 1., 0.],
        [0., 1., 0.],
        [1., 0., 0.],
        [1., 0., 0.],
        [0., 1., 0.],
        [1., 0., 0.],
        [0., 0., 1.],
        [0., 0., 1.],
        [1., 0., 0.],
        [1., 0., 0.],
        [1., 0., 0.],
        [1., 0., 0.],
        [1., 0., 0.],
        [1., 0., 0.],
        [0., 1., 0.],
        [1., 0., 0.],
        [1., 0., 0.],
        [1., 0., 0.],
        [1., 0., 0.],
        [1., 0., 0.],
        [0., 0., 1.],
        [0., 1., 0.],
        [1., 0., 0.],
        [1., 0., 0.],
        [1., 0., 0.],
        [1., 0., 0.],
        [1., 0., 0.],
        [1., 0., 0.],
        [0., 1., 0.],
        [0., 1., 0.],
        [0., 0., 1.],
        [0., 0., 1.],
        [0., 0., 1.],
        [1., 0., 0.],
        [0., 1., 0.],
        [0., 1., 0.],
        [0., 0., 1.],
        [1., 0., 0.],
        [1., 0., 0.],
        [1., 0., 0.],
        [0., 1., 0.],
        [0., 1., 0.],
        [1., 0., 0.],
        [1., 0., 0.],
        [1., 0., 0.],
        [0., 0., 1.],
        [0., 1., 0.],
        [0., 0., 1.],
        [0., 0., 1.]], device='cuda:0')
iter
(243,) (243,)
gt_label [0 0 0 0 0 0 0 0 0 0 0 0 0 0 0 0 0 0 0 0 0 0 0 0 0 0 0 0 0 0 0 0 0 0 0 0 0
 0 0 0 0 0 0 0 0 0 0 0 0 0 0 0 0 0 0 0 0 0 0 0 0 0 0 0 0 0 0 0 0 0 0 0 0 0
 0 0 0 0 0 0 0 0 0 0 0 0 0 0 0 0 0 0 0 0 0 0 0 0 0 0 0 0 0 0 0 0 0 0 0 0 0
 0 0 0 0 0 0 0 0 0 0 0 0 0 0 0 0 0 0 0 0 0 0 0 0 0 0 0 0 0 0 0 0 0 0 0 0 1
 1 1 1 1 1 1 1 1 1 1 1 1 1 1 1 1 1 1 1 1 1 1 1 1 1 1 1 1 1 1 1 1 1 1 1 1 1
 1 1 1 1 1 1 1 2 2 2 2 2 2 2 2 2 2 2 2 2 2 2 2 2 2 2 2 2 2 2 2 2 2 2 2 2 2
 2 2 2 2 2 2 2 2 2 2 2 2 2 2 2 2 2 2 2 2 2]
pred_label [0 0 0 0 0 0 0 0 0 0 0 0 0 0 0 0 0 0 0 0 0 0 0 0 0 0 0 0 0 0 0 0 0 0 0 0 0
 0 0 0 0 0 0 0 0 0 0 0 0 0 0 0 0 0 0 0 0 0 0 0 0 0 0 0 0 0 0 0 0 0 0 0 0 0
 0 0 0 0 0 0 0 0 0 0 0 0 0 0 0 0 0 0 0 0 0 0 0 0 0 0 0 0 0 0 0 0 0 0 0 0 0
 0 0 0 0 0 0 0 0 0 0 0 0 0 0 0 0 0 0 0 0 0 0 0 0 0 0 0 0 0 0 0 0 0 0 0 0 0
 0 0 0 0 0 0 0 0 0 0 0 0 0 0 0 0 0 0 0 0 0 0 0 0 0 0 0 0 0 0 0 0 0 0 0 0 0
 0 0 0 0 0 0 0 0 0 0 0 0 0 0 0 0 0 0 0 0 0 0 0 0 0 0 0 0 0 0 0 0 0 0 0 0 0
 0 0 0 0 0 0 0 0 0 0 0 0 0 0 0 0 0 0 0 0 0]
confusion_matrix_result [[147   0   0]
 [ 45   0   0]
 [ 51   0   0]]
AP [0.61 0.11 0.81]
map:  0.5110827160142692
predicted tensor([[9.9999e-01, 1.8889e-06, 5.9792e-06],
        [9.9985e-01, 3.7030e-05, 1.1483e-04],
        [9.9995e-01, 3.9378e-06, 4.1443e-05],
        [9.9995e-01, 1.0090e-05, 4.3714e-05],
        [9.9996e-01, 7.1762e-06, 3.7142e-05],
        [9.9998e-01, 2.1952e-06, 1.5290e-05],
        [9.9994e-01, 1.0602e-05, 5.1695e-05],
        [9.9987e-01, 2.7996e-05, 1.0104e-04],
        [9.9999e-01, 4.2091e-06, 9.2323e-06],
        [9.9997e-01, 2.9102e-06, 2.4922e-05],
        [9.9999e-01, 1.1016e-06, 1.2569e-05],
        [1.0000e+00, 9.9033e-07, 3.8449e-06],
        [9.9998e-01, 2.6956e-06, 1.9755e-05],
        [9.9966e-01, 4.2753e-05, 2.9894e-04],
        [9.9999e-01, 1.2154e-06, 6.8799e-06],
        [9.9999e-01, 1.8787e-06, 6.3683e-06],
        [9.9999e-01, 1.3430e-06, 4.4194e-06],
        [9.9998e-01, 1.5268e-06, 1.6249e-05],
        [9.9991e-01, 6.7352e-06, 8.7839e-05],
        [9.9999e-01, 2.7677e-06, 4.9386e-06],
        [9.9998e-01, 5.5301e-06, 1.2452e-05],
        [9.9997e-01, 5.8357e-06, 2.0291e-05],
        [9.9997e-01, 2.4443e-06, 2.6407e-05],
        [9.9996e-01, 9.4826e-06, 3.0126e-05],
        [9.9997e-01, 3.3052e-06, 2.2421e-05],
        [9.9996e-01, 6.6589e-06, 3.0415e-05],
        [9.9997e-01, 3.5841e-06, 2.4329e-05],
        [9.9997e-01, 3.8421e-06, 2.8578e-05],
        [9.9996e-01, 1.2703e-05, 3.1107e-05],
        [9.9998e-01, 4.3079e-06, 1.6419e-05],
        [9.9992e-01, 1.6863e-05, 6.2430e-05],
        [9.9998e-01, 6.0483e-06, 1.4581e-05],
        [9.9998e-01, 2.0930e-06, 1.4312e-05],
        [9.9990e-01, 1.5174e-05, 8.6487e-05],
        [9.9998e-01, 3.1542e-06, 1.4481e-05],
        [9.9988e-01, 2.1635e-05, 9.3630e-05],
        [9.9999e-01, 2.6000e-06, 8.7089e-06],
        [9.9999e-01, 2.7580e-06, 1.1381e-05],
        [9.9995e-01, 1.0454e-05, 4.1141e-05],
        [9.9985e-01, 1.6054e-05, 1.3172e-04],
        [9.9991e-01, 1.9163e-05, 7.5101e-05],
        [9.9999e-01, 1.4450e-06, 3.6698e-06],
        [9.9999e-01, 1.2141e-06, 6.5983e-06],
        [9.9991e-01, 1.0291e-05, 7.6527e-05],
        [9.9996e-01, 7.5418e-06, 3.1904e-05],
        [9.9994e-01, 9.6093e-06, 5.0983e-05],
        [9.9993e-01, 8.0007e-06, 6.2656e-05],
        [9.9999e-01, 1.8037e-06, 5.9019e-06],
        [9.9998e-01, 4.8329e-06, 1.3807e-05],
        [9.9879e-01, 2.9356e-04, 9.1691e-04],
        [9.9982e-01, 5.2181e-05, 1.2998e-04],
        [9.9997e-01, 3.6766e-06, 2.6773e-05],
        [9.9999e-01, 2.0838e-06, 1.2627e-05],
        [9.9999e-01, 3.4803e-06, 7.5256e-06],
        [1.0000e+00, 1.4543e-06, 3.3478e-06],
        [9.9994e-01, 1.1187e-05, 5.2147e-05],
        [9.9997e-01, 5.8416e-06, 2.0197e-05],
        [9.9991e-01, 1.1636e-05, 7.5958e-05],
        [9.9997e-01, 9.2690e-06, 2.3989e-05],
        [9.9991e-01, 1.8449e-05, 7.6202e-05],
        [9.9996e-01, 1.1395e-05, 3.0197e-05],
        [9.9999e-01, 1.8893e-06, 3.8579e-06],
        [9.9990e-01, 6.6659e-06, 9.3338e-05],
        [9.9998e-01, 4.1291e-06, 1.5311e-05],
        [9.9999e-01, 1.3229e-06, 4.1887e-06],
        [9.9999e-01, 1.3425e-06, 4.0194e-06],
        [9.9998e-01, 7.1846e-06, 1.0422e-05],
        [9.9999e-01, 3.2174e-06, 5.1169e-06],
        [9.9998e-01, 6.7579e-06, 1.6805e-05],
        [9.9998e-01, 2.4453e-06, 1.5219e-05],
        [9.9999e-01, 2.2302e-06, 1.0319e-05],
        [9.9993e-01, 7.9709e-06, 5.7992e-05],
        [9.9999e-01, 1.8936e-06, 8.5159e-06],
        [9.9995e-01, 1.3215e-05, 3.2096e-05],
        [9.9999e-01, 1.4938e-06, 1.1524e-05],
        [9.9997e-01, 6.5771e-06, 2.0630e-05],
        [9.9999e-01, 1.3638e-06, 5.7715e-06],
        [9.9973e-01, 6.1840e-05, 2.1069e-04],
        [9.9999e-01, 1.8674e-06, 8.4016e-06],
        [9.9999e-01, 1.7832e-06, 9.9610e-06],
        [9.9998e-01, 7.9734e-06, 1.5943e-05],
        [9.9997e-01, 3.7188e-06, 2.2773e-05],
        [9.9999e-01, 1.0436e-06, 6.6649e-06],
        [9.9993e-01, 3.4489e-05, 3.5881e-05],
        [9.9994e-01, 9.8378e-06, 4.6258e-05],
        [9.9998e-01, 4.8158e-06, 1.4016e-05],
        [9.9999e-01, 2.9105e-06, 9.3964e-06],
        [9.9992e-01, 1.2428e-05, 6.7174e-05],
        [9.9985e-01, 2.2287e-05, 1.3261e-04],
        [9.9997e-01, 7.5937e-06, 2.2312e-05],
        [9.9995e-01, 4.0103e-06, 4.2756e-05],
        [9.9996e-01, 4.9409e-06, 3.7677e-05],
        [9.9998e-01, 3.7595e-06, 1.8237e-05],
        [9.9999e-01, 2.4820e-06, 8.4968e-06],
        [9.9999e-01, 1.2532e-06, 7.2375e-06],
        [9.9996e-01, 4.8266e-06, 4.0168e-05],
        [9.9991e-01, 2.5350e-05, 6.7827e-05],
        [9.9994e-01, 1.2930e-05, 4.8816e-05],
        [9.9993e-01, 6.6335e-06, 5.9745e-05],
        [9.9990e-01, 2.3039e-05, 7.3959e-05],
        [9.9975e-01, 7.3986e-05, 1.8017e-04],
        [9.9998e-01, 7.7514e-06, 1.6450e-05],
        [9.9995e-01, 9.3369e-06, 3.9455e-05],
        [9.9999e-01, 1.7130e-06, 9.5873e-06],
        [9.9994e-01, 1.2487e-05, 5.0730e-05],
        [9.9986e-01, 3.4378e-05, 1.0972e-04],
        [9.9995e-01, 7.3072e-06, 3.9103e-05],
        [9.9994e-01, 1.5365e-05, 4.4696e-05],
        [9.9998e-01, 1.3724e-06, 1.4411e-05],
        [9.9967e-01, 5.4658e-05, 2.7449e-04],
        [9.9997e-01, 5.1710e-06, 2.7458e-05],
        [9.9997e-01, 6.5613e-06, 2.5357e-05],
        [9.9999e-01, 2.7789e-06, 1.1810e-05],
        [9.9991e-01, 1.9555e-05, 6.7144e-05],
        [9.9997e-01, 9.2535e-06, 1.7182e-05],
        [9.9986e-01, 2.7394e-05, 1.1063e-04],
        [1.0000e+00, 8.7201e-07, 1.1745e-06],
        [9.9997e-01, 7.6014e-06, 2.0405e-05],
        [9.9998e-01, 3.6561e-06, 1.5312e-05],
        [9.9999e-01, 2.6464e-06, 6.3386e-06],
        [9.9999e-01, 2.5507e-06, 1.2046e-05],
        [9.9992e-01, 2.4469e-05, 5.8711e-05],
        [9.9999e-01, 1.6177e-06, 4.0310e-06],
        [9.9995e-01, 7.5882e-06, 4.0964e-05],
        [9.9999e-01, 1.5983e-06, 1.0033e-05],
        [9.9995e-01, 3.2753e-06, 4.6424e-05],
        [9.9997e-01, 1.0513e-05, 2.2480e-05],
        [9.9991e-01, 2.2742e-05, 7.0571e-05]], device='cuda:0',
       grad_fn=<SoftmaxBackward0>)
target tensor([[1., 0., 0.],
        [1., 0., 0.],
        [0., 0., 1.],
        [1., 0., 0.],
        [0., 1., 0.],
        [0., 0., 1.],
        [1., 0., 0.],
        [1., 0., 0.],
        [0., 1., 0.],
        [0., 0., 1.],
        [1., 0., 0.],
        [1., 0., 0.],
        [1., 0., 0.],
        [0., 0., 1.],
        [0., 1., 0.],
        [1., 0., 0.],
        [1., 0., 0.],
        [0., 1., 0.],
        [0., 0., 1.],
        [0., 1., 0.],
        [1., 0., 0.],
        [1., 0., 0.],
        [0., 0., 1.],
        [1., 0., 0.],
        [0., 1., 0.],
        [1., 0., 0.],
        [0., 1., 0.],
        [0., 1., 0.],
        [1., 0., 0.],
        [1., 0., 0.],
        [1., 0., 0.],
        [0., 0., 1.],
        [0., 1., 0.],
        [1., 0., 0.],
        [1., 0., 0.],
        [1., 0., 0.],
        [1., 0., 0.],
        [1., 0., 0.],
        [1., 0., 0.],
        [0., 0., 1.],
        [1., 0., 0.],
        [1., 0., 0.],
        [0., 1., 0.],
        [0., 0., 1.],
        [1., 0., 0.],
        [0., 1., 0.],
        [0., 0., 1.],
        [1., 0., 0.],
        [1., 0., 0.],
        [0., 0., 1.],
        [0., 0., 1.],
        [1., 0., 0.],
        [0., 1., 0.],
        [1., 0., 0.],
        [0., 1., 0.],
