predicted tensor([[0.3383, 0.3868, 0.2748],
        [0.2938, 0.4334, 0.2729],
        [0.2955, 0.4061, 0.2984],
        [0.3131, 0.3873, 0.2996],
        [0.3069, 0.4144, 0.2787],
        [0.3028, 0.4146, 0.2826],
        [0.2892, 0.4090, 0.3018],
        [0.3406, 0.3895, 0.2699]], device='cuda:0', grad_fn=<SoftmaxBackward0>)
target tensor([[1., 0., 0.],
        [0., 1., 0.],
        [0., 0., 1.],
        [1., 0., 0.],
        [1., 0., 0.],
        [0., 0., 1.],
        [1., 0., 0.],
        [1., 0., 0.]], device='cuda:0')
Train Epoch: 0 [0 (0%)]	Loss: 1.108097	Accuracy: 0.125000
predicted tensor([[0.8634, 0.0614, 0.0752],
        [0.8584, 0.0635, 0.0781],
        [0.8943, 0.0464, 0.0593],
        [0.8450, 0.0699, 0.0851],
        [0.8776, 0.0551, 0.0674],
        [0.8744, 0.0567, 0.0689],
        [0.8748, 0.0586, 0.0666],
        [0.8564, 0.0632, 0.0805]], device='cuda:0', grad_fn=<SoftmaxBackward0>)
target tensor([[1., 0., 0.],
        [0., 0., 1.],
        [0., 1., 0.],
        [0., 0., 1.],
        [0., 1., 0.],
        [1., 0., 0.],
        [0., 1., 0.],
        [0., 0., 1.]], device='cuda:0')
predicted tensor([[0.8389, 0.0411, 0.1200],
        [0.8858, 0.0294, 0.0848],
        [0.8484, 0.0403, 0.1114],
        [0.8435, 0.0408, 0.1157],
        [0.8476, 0.0374, 0.1150],
        [0.8664, 0.0375, 0.0961],
        [0.8366, 0.0441, 0.1193],
        [0.8406, 0.0455, 0.1139]], device='cuda:0', grad_fn=<SoftmaxBackward0>)
target tensor([[1., 0., 0.],
        [1., 0., 0.],
        [1., 0., 0.],
        [0., 0., 1.],
        [0., 1., 0.],
        [1., 0., 0.],
        [0., 1., 0.],
        [0., 1., 0.]], device='cuda:0')
Traceback (most recent call last):
  File "/content/drive/.shortcut-targets-by-id/12qdxIhrJkYThSDH6ulLJ4IaUDG4pGrFG/RA_Daragh_CV_Arduino/cv-component/q1_q2_classification/train_q2.py", line 144, in <module>
    test_ap, test_map = trainer.train(args, model, optimizer, scheduler)
  File "/content/drive/.shortcut-targets-by-id/12qdxIhrJkYThSDH6ulLJ4IaUDG4pGrFG/RA_Daragh_CV_Arduino/cv-component/q1_q2_classification/trainer.py", line 99, in train
    loss.backward()
  File "/usr/local/lib/python3.10/dist-packages/torch/_tensor.py", line 522, in backward
    torch.autograd.backward(
  File "/usr/local/lib/python3.10/dist-packages/torch/autograd/__init__.py", line 259, in backward
    grad_tensors_ = _make_grads(tensors, grad_tensors_, is_grads_batched=False)
  File "/usr/local/lib/python3.10/dist-packages/torch/autograd/__init__.py", line 142, in _make_grads
    torch.ones_like(out, memory_format=torch.preserve_format)
